BEAD_MASS = 3.07454545454545e-05 # kg (30.745 mg 0.03 gm)
BEAD_DIAMETER = 2.18e-03       # m (2.18 mm)
BEAD_VOLUME = 4.33968383209e-08  # m^3 (4.34 mm^3)
BEAD_DENSITY = 708.47222262256  # kg/m^3
LINK_MASS = 9.071717e-06 # kg